 &ECOSYS_PARMS_NML
 AE =    4000.000000000000     ,
 MU_SP =    1.709656009742085     ,
 ALPHA_SP =    5.512735271573448     ,
 A_SP =   5.0000000000000001E-004,
 V_SPN =   0.3000000000000000     ,
 K_NH4SP =   1.0000000000000000E-002,
 K_NO3SP =   0.1000000000000000     ,
 V_SPP =   1.0133492834845445E-002,
 K_PO4SP =   4.7999999999999996E-003,
 ZETA =    2.000000000000000     ,
 THETA =    2.128853270706949     ,
 R_EXCRSP_1 =   5.0000000000000003E-002,
 R_EXCRSP_2 =   5.0000000000000003E-002,
 R_POMSP =   3.7999999999999999E-002,
 MU_TR =    3.000000000000000     ,
 ALPHA_TR =   0.2500000000000000     ,
 A_TR =   2.0000000000000000E-003,
 V_TRN =   0.4000000000000000     ,
 K_NH4TR =   5.0000000000000003E-002,
 K_NO3TR =   0.5000000000000000     ,
 V_TRP =   2.0000000000000000E-002,
 K_PO4TR =   4.7000000000000000E-002,
 MU_PICKTRPO4 =    1.000000000000000     ,
 ZETA_NF =    2.500000000000000     ,
 R_EXCRTR_1 =   2.0000000000000000E-002,
 R_EXCRTR_N =   0.3600000000000000     ,
 R_EXCRTR_2 =   5.0000000000000003E-002,
 R_POMTR =   8.0000000000000002E-002,
 MU_UN =    1.600000000000000     ,
 ALPHA_UN =   0.5000000000000000     ,
 K_DOM =   0.5000000000000000     ,
 R_SDOM =   9.5867737040218897E-004,
 MU_BA =    2.000000000000000     ,
 B_BARESP =   0.2800000000000000     ,
 R_BAADJU =    2.000000000000000     ,
 R_BAREMI =    6.000000000000000     ,
 R_BAREFR =   1.7999999999999999E-002,
 F_BASLCT =   0.2000000000000000     ,
 R_BARESP_1 =   1.0000000000000000E-002,
 R_BARESP_MIN =   0.3500000000000000     ,
 R_BARESP_MAX =   0.6734616458601093     ,
 R_BAMORT =   4.9000000000000002E-002,
 MU_PRT =    4.000000000000000     ,
 G_SP =   0.7512749672968165     ,
 G_BA =    1.429998031158142     ,
 R_PRTEX =   0.2000000000000000     ,
 F_EXPRTLDOM =   0.9000000000000000     ,
 R_PRTRESP_1 =   1.0000000000000000E-002,
 R_PRTRESP_2 =   0.7584721333177425     ,
 R_PRTADJU =    2.000000000000000     ,
 R_PRTREMI =    4.700000000000000     ,
 R_POMPRT =   2.7000000000000000E-002,
 MU_MZ =    1.300000000000000     ,
 G_PRT =    1.400000000000000     ,
 G_TR =   0.2007261456635973     ,
 R_MZEX =   0.3000000000000000     ,
 F_EXMZLDOM =   0.7500000000000000     ,
 R_MZRESP_1 =   2.9999999999999999E-002,
 R_MZRESP_2 =   0.2200000000000000     ,
 R_MZADJU =    2.000000000000000     ,
 R_MZREMI =    4.000000000000000     ,
 R_MZPOM =   0.1500000000000000     ,
 R_MZREFR =   2.0000000000000000E-002,
 R_MZREMV =   0.8100000000000001     ,
 F_HZSDOM =   0.1000000000000000     ,
 F_HZPOM =   0.1400000000000000     ,
 R_SDOMREFR =   8.9999999999999998E-004,
 Q_REFRDOM_N =   5.0000000000000003E-002,
 Q_REFRDOM_P =   6.9999999999999999E-004,
 Q_POM_N =   0.1200000000000000     ,
 Q_POM_P =   4.4999999999999997E-003,
 R_NITRF =   0.1000000000000000     ,
 REMIN_PRF_N =    1.100000000000000     ,
 REMIN_PRF_P =    4.000000000000000     ,
 WNSVO =    5.262475448636860     ,
 REMIN =   1.0999999999999999E-002
 /
